80,636
