73,491
