89,631
