282,225
