509,228
