362,244
