180,249
