443,225
